convolution_outfmap for feature 1: 
4 4 4 4 4 4 4 4 4 4 4 4 4 4 4 4 4 4 4 4 4 4 4 4 4 
4 4 4 4 7 12 16 8 1 4 4 4 4 4 4 4 7 12 16 8 1 4 4 4 4 
4 4 4 4 2 14 36 22 8 1 4 4 4 4 4 7 7 22 29 17 0 4 4 4 4 
4 4 4 4 8 15 22 32 16 0 4 4 4 4 4 2 23 34 22 10 2 4 4 4 4 
4 4 4 4 2 0 15 24 19 7 1 4 4 4 7 16 14 15 5 2 0 4 4 4 4 
4 4 4 4 0 0 0 4 35 14 8 1 4 7 7 20 18 4 0 1 0 4 4 4 4 
4 4 4 4 4 0 0 14 20 26 16 0 4 2 23 23 5 9 1 0 4 4 4 4 4 
4 4 4 4 4 4 2 0 15 24 19 7 4 16 14 15 5 2 0 4 4 4 4 4 4 
4 4 4 4 4 4 0 0 0 4 35 18 12 17 18 4 0 1 0 4 4 4 4 4 4 
4 4 4 4 4 4 4 0 0 14 20 24 36 20 5 9 1 0 4 4 4 4 4 4 4 
4 4 4 4 4 4 4 4 2 0 15 28 17 13 5 2 0 4 4 4 4 4 4 4 4 
4 4 4 4 4 4 4 4 0 0 1 11 20 1 0 0 0 4 4 4 4 4 4 4 4 
4 4 4 4 4 4 4 4 4 0 6 25 8 21 15 0 4 4 4 4 4 4 4 4 4 
4 4 4 4 4 4 4 4 7 16 14 10 20 23 19 7 1 4 4 4 4 4 4 4 4 
4 4 4 4 4 4 4 7 7 20 18 13 0 3 35 14 8 1 4 4 4 4 4 4 4 
4 4 4 4 4 4 4 2 23 23 5 0 0 7 20 26 16 0 4 4 4 4 4 4 4 
4 4 4 4 4 4 7 16 17 20 13 0 0 0 20 31 16 7 1 4 4 4 4 4 4 
4 4 4 4 4 7 7 20 14 11 2 1 0 0 3 14 34 14 8 1 4 4 4 4 4 
4 4 4 4 4 2 23 23 14 5 2 0 4 2 0 15 19 26 16 0 4 4 4 4 4 
4 4 4 4 7 16 17 20 3 0 1 0 4 0 0 0 13 31 16 7 1 4 4 4 4 
4 4 4 4 2 13 17 11 2 1 0 4 4 4 0 0 3 14 31 10 0 4 4 4 4 
4 4 4 4 8 1 10 8 2 0 4 4 4 4 4 2 0 12 15 6 2 4 4 4 4 
4 4 4 4 2 0 0 0 1 0 4 4 4 4 4 0 0 0 0 2 0 4 4 4 4 
4 4 4 4 0 0 2 2 0 4 4 4 4 4 4 4 0 0 2 2 0 4 4 4 4 
4 4 4 4 4 4 4 4 4 4 4 4 4 4 4 4 4 4 4 4 4 4 4 4 4 

convolution_outfmap for feature 2: 
0 0 0 0 0 0 0 0 0 0 0 0 0 0 0 0 0 0 0 0 0 0 0 0 0 
0 0 0 0 0 0 0 14 4 0 0 0 0 0 0 0 0 0 0 14 4 0 0 0 0 
0 0 0 0 0 0 1 3 9 4 0 0 0 0 0 0 0 2 8 11 0 0 0 0 0 
0 0 0 0 0 6 12 0 0 0 0 0 0 0 0 0 0 7 28 0 0 0 0 0 0 
0 0 0 0 0 5 16 0 0 0 4 0 0 0 0 0 1 29 11 0 0 0 0 0 0 
0 0 0 0 0 0 6 9 0 0 9 4 0 0 0 0 15 27 0 0 0 0 0 0 0 
0 0 0 0 0 0 0 10 5 0 0 0 0 0 0 3 29 0 0 0 0 0 0 0 0 
0 0 0 0 0 0 0 5 16 0 0 0 7 0 1 29 11 0 0 0 0 0 0 0 0 
0 0 0 0 0 0 0 0 6 9 0 0 7 2 15 27 0 0 0 0 0 0 0 0 0 
0 0 0 0 0 0 0 0 0 10 5 0 0 7 29 0 0 0 0 0 0 0 0 0 0 
0 0 0 0 0 0 0 0 0 5 16 0 0 12 11 0 0 0 0 0 0 0 0 0 0 
0 0 0 0 0 0 0 0 0 0 0 9 6 4 3 0 0 0 0 0 0 0 0 0 0 
0 0 0 0 0 0 0 0 0 0 0 9 21 0 0 0 0 0 0 0 0 0 0 0 0 
0 0 0 0 0 0 0 0 0 0 1 32 11 0 0 0 4 0 0 0 0 0 0 0 0 
0 0 0 0 0 0 0 0 0 0 15 22 0 0 0 0 9 4 0 0 0 0 0 0 0 
0 0 0 0 0 0 0 0 0 3 29 0 0 6 5 0 0 0 0 0 0 0 0 0 0 
0 0 0 0 0 0 0 0 4 22 20 0 0 8 9 0 0 0 4 0 0 0 0 0 0 
0 0 0 0 0 0 0 0 18 27 0 0 0 0 5 11 0 0 9 4 0 0 0 0 0 
0 0 0 0 0 0 0 3 24 11 0 0 0 0 5 16 0 0 0 0 0 0 0 0 0 
0 0 0 0 0 0 4 22 16 0 0 0 0 0 0 6 4 0 0 0 4 0 0 0 0 
0 0 0 0 0 0 9 27 0 0 0 0 0 0 0 0 5 11 0 0 0 0 0 0 0 
0 0 0 0 0 0 10 2 0 0 0 0 0 0 0 0 5 14 0 0 0 0 0 0 0 
0 0 0 0 0 3 12 0 0 0 0 0 0 0 0 0 0 0 12 0 0 0 0 0 0 
0 0 0 0 0 0 0 0 0 0 0 0 0 0 0 0 0 0 0 0 0 0 0 0 0 
0 0 0 0 0 0 0 0 0 0 0 0 0 0 0 0 0 0 0 0 0 0 0 0 0 

convolution_outfmap for feature 3: 
0 0 0 0 0 0 0 0 0 0 0 0 0 0 0 0 0 0 0 0 0 0 0 0 0 
0 0 0 0 0 0 0 0 0 0 0 0 0 0 0 0 0 0 0 0 0 0 0 0 0 
0 0 0 0 0 1 5 0 0 0 0 0 0 0 0 0 0 0 3 0 0 0 0 0 0 
0 0 0 0 0 0 8 18 0 0 0 0 0 0 0 0 0 0 1 9 2 0 0 0 0 
0 0 0 0 0 0 0 26 14 0 0 0 0 0 0 0 0 0 3 8 0 0 0 0 0 
0 0 0 0 0 0 0 1 19 12 0 0 0 0 0 0 0 0 2 1 0 0 0 0 0 
0 0 0 0 0 0 0 0 12 22 0 0 0 0 0 0 4 3 6 0 0 0 0 0 0 
0 0 0 0 0 0 0 0 0 26 14 0 0 0 0 0 3 8 0 0 0 0 0 0 0 
0 0 0 0 0 0 0 0 0 1 19 14 0 0 0 0 2 1 0 0 0 0 0 0 0 
0 0 0 0 0 0 0 0 0 0 12 18 2 0 4 3 6 0 0 0 0 0 0 0 0 
0 0 0 0 0 0 0 0 0 0 0 10 14 2 3 8 0 0 0 0 0 0 0 0 0 
0 0 0 0 0 0 0 0 0 0 0 0 12 17 0 1 0 0 0 0 0 0 0 0 0 
0 0 0 0 0 0 0 0 0 0 0 0 13 17 4 0 0 0 0 0 0 0 0 0 0 
0 0 0 0 0 0 0 0 0 0 0 0 0 31 14 0 0 0 0 0 0 0 0 0 0 
0 0 0 0 0 0 0 0 0 0 0 0 0 9 19 12 0 0 0 0 0 0 0 0 0 
0 0 0 0 0 0 0 0 0 0 4 12 0 0 12 22 0 0 0 0 0 0 0 0 0 
0 0 0 0 0 0 0 0 0 0 0 8 0 0 0 19 14 0 0 0 0 0 0 0 0 
0 0 0 0 0 0 0 0 0 4 7 6 1 0 0 6 25 12 0 0 0 0 0 0 0 
0 0 0 0 0 0 0 0 0 3 8 0 0 0 0 0 20 22 0 0 0 0 0 0 0 
0 0 0 0 0 0 0 0 4 2 1 0 0 0 0 0 0 19 14 0 0 0 0 0 0 
0 0 0 0 0 0 0 4 7 6 0 0 0 0 0 0 0 6 22 4 0 0 0 0 0 
0 0 0 0 0 0 0 3 8 0 0 0 0 0 0 0 0 0 15 13 2 0 0 0 0 
0 0 0 0 0 0 0 0 1 0 0 0 0 0 0 0 0 0 0 3 0 0 0 0 0 
0 0 0 0 0 0 0 0 0 0 0 0 0 0 0 0 0 0 0 0 0 0 0 0 0 
0 0 0 0 0 0 0 0 0 0 0 0 0 0 0 0 0 0 0 0 0 0 0 0 0 

