-32
-16
13
-2
-7
-6
-20
-5
-8
10
-12
-14
-28
-4
8
-11
10
6
3
-3
5
22
-2
-17
-1
12
-2
-10
8
3
1
-8
7
-10
1
9
-36
-39
-3
12
0
10
24
-1
-2
21
4
-1
-24
-7
2
-12
13
10
-7
2
-7
12
-10
-7
3
3
4
2
11
9
49
-6
-1
127
5
-6
7
-26
-29
34
5
-6
10
-8
-2
0
-2
0
-13
-7
-12
-5
6
4
9
4
-9
3
-3
-15
14
1
-4
29
-12
2
69
-13
-13
114
19
0
16
26
-1
4
23
1
-25
-1
5
2
-8
0
-9
-5
-1
9
-9
-4
-5
-5
-4
3
-9
-5
8
-10
-1
40
-17
-5
14
4
-4
12
35
41
-21
-1
24
6
-1
5
-1
4
13
-15
9
-5
-30
0
-3
18
0
6
3
8
11
25
7
4
10
-7
3
-14
-9
-6
-5
3
5
-12
-13
3
-1
-12
-18
-7
-3
0
-21
7
14
-21
17
2
-26
-9
-8
4
13
-1
-16
17
11
-53
0
-5
-31
-2
4
-52
11
0
-26
-28
-10
-17
-29
-64
-15
8
0
1
-24
7
-14
-7
2
18
20
6
9
8
-4
51
4
7
-2
18
9
-44
1
2
-38
-1
0
-41
0
5
21
-7
-25
-21
-13
-27
-15
-10
1
3
-14
-1
5
-9
-8
2
-5
14
-5
1
3
37
4
-1
-32
17
9
-67
6
-12
-30
-6
-7
-30
-6
6
-16
-1
-14
-7
5
-2
12
15
-15
5
-22
-20
4
-10
-7
12
-4
-2
26
-17
1
27
-8
-13
-25
-14
1
-25
-4
-5
-31
-9
-13
-7
-9
-18
2
-10
-9
-4
-3
-4
32
29
34
4
-2
3
14
6
1
20
-10
5
13
-7
1
49
-7
-2
23
-3
9
15
1
-5
-17
-2
-9
10
1
-8
-19
6
5
-12
4
10
-35
2
25
39
-5
5
33
4
-2
21
-1
-3
-12
9
-6
2
-3
3
65
-10
-8
-20
-14
-1
-32
3
1
1
2
10
63
-8
-5
53
5
13
-23
-28
-43
73
11
-21
97
-13
-6
77
-3
-3
52
28
27
25
2
-40
21
-18
20
-25
19
2
18
8
-4
23
-2
-14
35
-7
13
70
17
3