pooled_outfmap for feature 1: 
4 7 19 16 8 4 4 4 12 19 13 4 
4 13 23 32 29 4 4 7 37 32 24 4 
4 4 0 21 31 14 7 20 25 19 1 4 
4 4 4 3 27 31 13 27 19 2 4 4 
4 4 4 4 3 31 30 25 2 4 4 4 
4 4 4 4 2 21 25 19 2 4 4 4 
4 4 4 4 23 27 18 27 16 4 4 4 
4 4 4 7 20 23 4 29 31 8 4 4 
4 4 7 23 27 19 1 21 31 16 4 4 
4 4 23 27 25 1 4 0 23 31 16 4 
4 7 17 19 2 4 4 4 5 31 18 4 
4 13 0 2 4 4 4 4 4 3 2 4 

pooled_outfmap for feature 2: 
0 0 0 9 14 0 0 0 0 9 14 4 
0 0 12 6 9 4 0 0 10 18 10 0 
0 0 3 7 9 9 4 0 24 11 0 0 
0 0 0 5 12 0 0 24 19 0 0 0 
0 0 0 0 6 9 0 21 11 0 0 0 
0 0 0 0 5 12 9 10 0 0 0 0 
0 0 0 0 0 19 16 0 5 0 0 0 
0 0 0 0 21 27 12 5 0 9 0 0 
0 0 0 4 24 10 0 12 0 0 4 0 
0 0 0 21 15 0 0 6 9 0 9 0 
0 0 7 24 6 0 0 0 12 5 0 4 
0 0 9 0 0 0 0 0 0 7 0 0 

pooled_outfmap for feature 3: 
0 0 0 0 0 0 0 0 0 0 0 0 
0 0 6 14 19 0 0 0 0 2 9 0 
0 0 0 4 25 12 0 0 3 15 2 0 
0 0 0 0 18 24 0 0 12 8 0 0 
0 0 0 0 0 25 10 12 8 1 0 0 
0 0 0 0 0 4 17 17 8 0 0 0 
0 0 0 0 2 0 21 22 0 0 0 0 
0 0 0 0 0 16 13 24 25 0 0 0 
0 0 0 0 2 15 9 4 24 14 0 0 
0 0 0 0 12 6 0 0 7 25 0 0 
0 0 0 15 8 0 0 0 0 24 21 0 
0 0 0 1 1 0 0 0 0 0 2 0 

